DATASET = ORTEC Test Set
NAME = Instance 03

MAX_NUMBER_OF_VEHICLES = 31
NUMBER_OF_VEHICLE_DAYS = 289
DISTANCE = 2587645
COST = 25876770

DAY = 1
NUMBER_OF_VEHICLES = 19
1 R 0 311 0
2 R 0 342 0
3 R 0 447 0
4 R 0 161 0
5 R 0 160 0
6 R 0 235 310 0
7 R 0 97 49 0
8 R 0 136 227 478 0
9 R 0 301 130 24 0
10 R 0 249 289 0
11 R 0 55 178 0
12 R 0 280 199 0
13 R 0 121 255 0
14 R 0 482 167 338 0
15 R 0 295 334 0
16 R 0 337 367 69 0
17 R 0 51 438 0
18 R 0 54 375 7 0
19 R 0 181 476 0

DAY = 2
NUMBER_OF_VEHICLES = 23
1 R 0 279 0
2 R 0 296 0
3 R 0 266 0
4 R 0 402 0
5 R 0 104 0
6 R 0 416 0
7 R 0 162 0
8 R 0 98 0
9 R 0 471 19 156 -161 187 0
10 R 0 21 286 -49 0
11 R 0 258 -310 333 148 78 0
12 R 0 248 180 0
13 R 0 328 17 233 -227 129 0
14 R 0 47 1 0
15 R 0 103 -280 -199 48 469 0
16 R 0 137 -482 -54 0
17 R 0 118 -334 -295 0
18 R 0 262 -121 145 303 0
19 R 0 119 -438 -51 0
20 R 0 216 107 94 -160 352 22 0
21 R 0 456 -476 329 96 477 0
22 R 0 76 489 63 0
23 R 0 252 263 0

DAY = 3
NUMBER_OF_VEHICLES = 25
1 R 0 453 0
2 R 0 198 0
3 R 0 192 0
4 R 0 226 0
5 R 0 31 0
6 R 0 365 -187 0
7 R 0 332 190 282 0
8 R 0 376 395 222 -286 0
9 R 0 409 -296 0
10 R 0 36 -478 0
11 R 0 316 434 -249 424 325 -471 -19 0
12 R 0 462 82 -118 0
13 R 0 185 -255 -1 0
14 R 0 361 290 -248 -235 -258 285 302 -447 0
15 R 0 271 492 59 0
16 R 0 142 175 0
17 R 0 141 186 0
18 R 0 102 88 -337 412 0
19 R 0 45 404 -55 -178 0
20 R 0 278 312 0
21 R 0 230 -456 152 442 128 -136 -96 86 -477 0
22 R 0 487 441 -98 0
23 R 0 46 320 0
24 R 0 330 6 -279 0
25 R 0 351 -7 0

DAY = 4
NUMBER_OF_VEHICLES = 14
1 R 0 486 -409 0
2 R 0 64 -289 -469 -316 -24 0
3 R 0 381 -325 27 392 -141 0
4 R 0 273 -376 -333 29 200 -301 -180 274 349 -130 246 182 -103 0
5 R 0 179 -22 -332 323 5 -97 463 -148 -78 -367 0
6 R 0 383 -59 -216 0
7 R 0 83 500 -338 -152 -167 422 -328 -262 0
8 R 0 -107 223 -46 0
9 R 0 314 373 -104 0
10 R 0 335 50 -311 -76 0
11 R 0 -342 74 127 -290 -361 0
12 R 0 407 -375 -404 91 -330 0
13 R 0 73 35 -181 425 464 -129 -233 -17 238 30 0
14 R 0 115 -263 -489 204 -69 406 -278 0

DAY = 5
NUMBER_OF_VEHICLES = 18
1 R 0 -266 0
2 R 0 -31 0
3 R 0 173 -222 -349 -424 -434 0
4 R 0 -329 80 40 -373 -82 -462 0
5 R 0 439 -463 357 -94 -492 0
6 R 0 193 -285 -47 0
7 R 0 472 -416 188 -185 0
8 R 0 427 488 458 -162 57 264 -156 -246 0
9 R 0 101 -145 360 -392 0
10 R 0 -271 -198 497 356 -323 176 -21 -352 -88 0
11 R 0 228 140 -422 245 389 -137 0
12 R 0 -226 276 -238 -30 0
13 R 0 123 -119 0
14 R 0 269 -48 -303 -464 151 -402 0
15 R 0 480 -64 0
16 R 0 -45 378 -83 169 0
17 R 0 -63 -204 -74 396 -252 0
18 R 0 260 174 -486 0

DAY = 6
NUMBER_OF_VEHICLES = 31
1 R 0 474 0
2 R 0 493 0
3 R 0 81 0
4 R 0 2 0
5 R 0 277 0
6 R 0 117 0
7 R 0 253 0
8 R 0 172 0
9 R 0 23 0
10 R 0 33 0
11 R 0 26 0
12 R 0 446 0
13 R 0 209 -357 -190 0
14 R 0 56 -395 -29 -175 0
15 R 0 239 85 184 -128 -442 391 -40 0
16 R 0 4 8 0
17 R 0 143 -102 -50 -335 37 -412 0
18 R 0 234 327 256 -269 306 413 -302 10 -174 -186 -381 0
19 R 0 457 229 267 -173 -282 207 -192 0
20 R 0 399 283 -36 379 153 -427 -312 297 -127 -439 0
21 R 0 281 -406 -142 358 -320 0
22 R 0 268 154 0
23 R 0 473 38 -86 -487 499 -441 0
24 R 0 203 224 -223 0
25 R 0 300 483 468 -351 0
26 R 0 110 120 449 -91 124 491 -245 -230 0
27 R 0 99 -6 0
28 R 0 346 292 -425 0
29 R 0 450 313 -57 -365 240 339 -182 -193 -274 -453 0
30 R 0 243 364 0
31 R 0 218 112 -115 -260 12 0

DAY = 7
NUMBER_OF_VEHICLES = 29
1 R 0 244 0
2 R 0 366 0
3 R 0 42 0
4 R 0 93 0
5 R 0 386 -56 0
6 R 0 308 -339 418 159 0
7 R 0 353 -200 315 -5 0
8 R 0 403 219 -101 0
9 R 0 459 -283 0
10 R 0 89 321 -297 109 16 -383 0
11 R 0 341 475 -176 419 -209 0
12 R 0 206 -413 -256 20 -27 71 -234 -474 0
13 R 0 317 -497 170 -273 0
14 R 0 84 13 -179 0
15 R 0 58 498 -499 0
16 R 0 41 -4 0
17 R 0 122 294 384 -85 -80 -399 0
18 R 0 426 362 0
19 R 0 291 -23 0
20 R 0 460 -407 -500 0
21 R 0 370 -12 87 -110 -73 0
22 R 0 14 326 -229 44 -207 0
23 R 0 171 -313 -473 208 -151 0
24 R 0 408 -472 183 -153 -488 -360 164 -480 0
25 R 0 359 -276 -169 139 -314 0
26 R 0 215 305 -292 -346 -35 0
27 R 0 43 -378 0
28 R 0 196 125 -33 0
29 R 0 345 -364 0

DAY = 8
NUMBER_OF_VEHICLES = 21
1 R 0 -306 0
2 R 0 -81 0
3 R 0 -253 0
4 R 0 -459 0
5 R 0 18 25 -109 304 -419 0
6 R 0 -10 -327 -71 0
7 R 0 405 467 157 -418 -159 0
8 R 0 455 318 -321 -89 0
9 R 0 -183 287 -264 0
10 R 0 340 382 -267 -356 431 -143 0
11 R 0 -426 -112 0
12 R 0 481 -268 -403 0
13 R 0 163 11 -38 288 347 -468 465 -184 -384 -239 0
14 R 0 254 -379 -458 331 344 -188 0
15 R 0 -218 -224 28 -42 0
16 R 0 75 -123 -228 0
17 R 0 79 -120 -389 484 -26 410 -58 0
18 R 0 350 -359 0
19 R 0 231 251 -326 -358 0
20 R 0 -243 -446 168 -460 371 259 -305 -140 0
21 R 0 -396 390 369 -483 -294 -124 95 -491 -215 0

DAY = 9
NUMBER_OF_VEHICLES = 22
1 R 0 355 0
2 R 0 440 -304 -315 0
3 R 0 411 210 -386 0
4 R 0 236 -170 0
5 R 0 60 -164 0
6 R 0 111 237 -157 250 -353 -318 0
7 R 0 265 -240 -331 0
8 R 0 135 -341 -18 428 372 -345 0
9 R 0 380 67 -498 155 -95 0
10 R 0 108 213 433 0
11 R 0 177 202 -465 421 -391 -8 0
12 R 0 307 126 0
13 R 0 401 -281 0
14 R 0 445 448 -362 0
15 R 0 131 423 -206 220 293 -277 0
16 R 0 116 -2 0
17 R 0 52 452 -99 0
18 R 0 195 -493 309 65 -154 146 -484 -449 0
19 R 0 298 -475 205 34 -37 -457 -196 324 387 393 -251 0
20 R 0 241 158 420 -369 -300 214 -350 0
21 R 0 470 490 272 -203 -344 461 -450 284 221 134 -287 385 0
22 R 0 144 -172 494 -117 113 105 0

DAY = 10
NUMBER_OF_VEHICLES = 24
1 R 0 -244 0
2 R 0 -254 0
3 R 0 -366 0
4 R 0 -43 0
5 R 0 495 211 -265 0
6 R 0 -220 201 -237 -308 3 -16 -467 -405 0
7 R 0 -461 -111 0
8 R 0 261 -171 0
9 R 0 62 -158 -177 -219 0
10 R 0 133 397 191 -20 -293 -134 0
11 R 0 -84 150 -93 0
12 R 0 319 299 66 -380 -370 0
13 R 0 -317 -272 0
14 R 0 400 -41 -122 -291 0
15 R 0 189 343 106 -202 -421 -163 0
16 R 0 147 -452 -371 -410 0
17 R 0 -387 -44 454 417 -440 0
18 R 0 -28 166 -382 -408 0
19 R 0 485 -65 53 -87 0
20 R 0 92 374 -139 0
21 R 0 -393 -125 -13 0
22 R 0 363 -298 -34 0
23 R 0 -490 -448 0
24 R 0 132 414 -208 -14 -390 0

DAY = 11
NUMBER_OF_VEHICLES = 12
1 R 0 -105 0
2 R 0 377 247 -201 0
3 R 0 15 -60 -133 0
4 R 0 39 -25 -455 0
5 R 0 479 -155 -319 -241 -288 443 -347 77 -221 0
6 R 0 197 432 -11 -481 0
7 R 0 165 -401 275 -363 0
8 R 0 70 -166 -307 398 -431 -231 0
9 R 0 -113 -52 9 -131 -495 -213 -108 90 451 -168 415 -259 466 -75 0
10 R 0 430 -116 -445 336 -340 0
11 R 0 -79 -250 354 -428 -210 0
12 R 0 348 -144 257 -67 -309 0

DAY = 12
NUMBER_OF_VEHICLES = 21
1 R 0 -53 0
2 R 0 -336 0
3 R 0 -355 0
4 R 0 -348 0
5 R 0 -415 0
6 R 0 68 -423 388 -385 0
7 R 0 496 100 -15 0
8 R 0 -284 -372 394 -247 0
9 R 0 444 -343 -189 0
10 R 0 194 -411 -205 0
11 R 0 -236 32 -3 61 -417 0
12 R 0 437 368 -479 0
13 R 0 225 -147 0
14 R 0 212 -420 -214 -451 0
15 R 0 -324 429 -135 0
16 R 0 322 -454 -126 -433 0
17 R 0 -466 114 242 -66 -146 0
18 R 0 149 -494 0
19 R 0 -132 -195 0
20 R 0 217 -70 138 -39 0
21 R 0 72 -165 -470 0

DAY = 13
NUMBER_OF_VEHICLES = 17
1 R 0 -485 0
2 R 0 -414 0
3 R 0 -62 0
4 R 0 -32 0
5 R 0 -72 0
6 R 0 -275 0
7 R 0 -400 0
8 R 0 -61 0
9 R 0 270 -191 -397 0
10 R 0 435 -444 0
11 R 0 -100 -377 0
12 R 0 -211 232 -398 0
13 R 0 -138 -261 0
14 R 0 -432 -106 -443 -90 0
15 R 0 -368 -299 -114 0
16 R 0 -374 -92 0
17 R 0 -150 -194 -217 0

DAY = 14
NUMBER_OF_VEHICLES = 8
1 R 0 -9 0
2 R 0 -429 0
3 R 0 -68 0
4 R 0 -354 0
5 R 0 436 -257 0
6 R 0 -394 -270 -496 0
7 R 0 -212 -197 -77 0
8 R 0 -430 -225 0

DAY = 15
NUMBER_OF_VEHICLES = 5
1 R 0 -388 0
2 R 0 -232 0
3 R 0 -322 0
4 R 0 -437 -435 -436 0
5 R 0 -242 -149 0

